0	-98.925972	0.000004	805.031433
1	-97.578987	0.000006	1308.176147
2	-98.036560	0.000005	1308.176147
3	-97.298698	0.000006	1358.490601
4	-98.036560	0.000005	1106.918213
5	-97.726219	0.000006	1106.918213
6	-97.726219	0.000006	1207.547241
7	-98.036560	0.000005	1257.861572
8	-97.436584	0.000006	1408.805054
9	-97.298698	0.000006	1207.547241
10	-98.036560	0.000005	905.660400
11	-98.200462	0.000005	1207.547241
12	-97.035408	0.000006	1408.805054
13	-97.578987	0.000006	1308.176147
14	-77.174278	0.000102	905.660400
15	-83.542061	0.000046	1358.490601
16	-84.845116	0.000037	1509.433960
17	-85.115639	0.000039	1610.062866
18	-81.180801	0.000067	1459.119385
19	-85.430550	0.000036	1610.062866
20	-86.461884	0.000032	2213.836426
21	-83.276085	0.000050	1761.006226
22	-86.406273	0.000030	1308.176147
23	-88.566223	0.000022	1509.433960
24	-87.622635	0.000029	1207.547241
25	-88.985603	0.000025	1811.320801
26	-86.117706	0.000034	1006.289368
27	-86.107376	0.000033	2012.578735
28	-86.148834	0.000034	1157.232788
29	-90.097107	0.000019	1308.176147
30	-88.388206	0.000026	1358.490601
31	-85.492783	0.000036	1811.320801
32	-81.234215	0.000064	1509.433960
33	-80.537483	0.000069	1610.062866
34	-80.560432	0.000072	1710.691772
35	-78.811035	0.000089	1358.490601
36	-77.762306	0.000097	1610.062866
37	-79.134216	0.000084	1459.119385
38	-79.350769	0.000082	1257.861572
39	-78.719719	0.000091	2062.893066
40	-79.952202	0.000078	2062.893066
41	-81.257790	0.000064	2062.893066
42	-77.844627	0.000099	1811.320801
43	-74.195084	0.000154	1157.232788
44	-73.693832	0.000167	855.345886
45	-76.773926	0.000118	855.345886
46	-79.449852	0.000087	1308.176147
47	-81.177483	0.000066	2213.836426
48	-81.483040	0.000062	1911.949585
49	-85.190163	0.000040	1911.949585
50	-86.066307	0.000036	1559.748413
51	-85.555916	0.000040	1911.949585
52	-82.614304	0.000058	1509.433960
53	-83.837616	0.000047	1257.861572
54	-80.679977	0.000071	1207.547241
55	-83.148964	0.000048	1207.547241
56	-81.525932	0.000061	1559.748413
57	-77.385056	0.000109	955.974792
58	-82.721771	0.000054	1559.748413
59	-84.656425	0.000043	1459.119385
60	-81.869667	0.000066	1459.119385
61	-87.073898	0.000031	1861.635254
62	-88.284798	0.000024	1408.805054
63	-86.715385	0.000031	1559.748413
64	-81.426498	0.000062	2364.780029
65	-83.071365	0.000052	1106.918213
66	-84.829712	0.000039	1811.320801
67	-85.555916	0.000036	2113.207520
68	-86.076538	0.000034	1710.691772
69	-87.550133	0.000027	1610.062866
70	-86.872452	0.000033	1509.433960
71	-86.169716	0.000036	1811.320801
72	-82.740738	0.000049	1408.805054
73	-81.646126	0.000057	1459.119385
74	-85.955338	0.000037	1459.119385
75	-86.097076	0.000031	1710.691772
76	-85.732071	0.000034	1509.433960
77	-82.980034	0.000052	1509.433960
78	-82.088951	0.000058	1509.433960
79	-83.164650	0.000050	1610.062866
80	-82.117676	0.000057	1408.805054
81	-81.301918	0.000068	754.716980
82	-84.978271	0.000038	1811.320801
83	-87.988571	0.000026	1559.748413
84	-85.466003	0.000039	1006.289368
85	-84.978271	0.000042	1559.748413
86	-85.074783	0.000041	1509.433960
87	-87.535774	0.000029	1811.320801
88	-84.868317	0.000041	2012.578735
89	-84.301994	0.000048	855.345886
90	-84.274849	0.000042	1459.119385
91	-85.291565	0.000042	1106.918213
92	-84.922951	0.000040	1610.062866
93	-85.610779	0.000036	1056.603760
94	-84.461449	0.000047	553.459106
95	-83.813217	0.000046	654.088074
96	-85.140343	0.000040	1459.119385
97	-83.576485	0.000049	1308.176147
98	-81.274704	0.000069	654.088074
99	-86.609886	0.000033	1106.918213
100	-90.097107	0.000020	1509.433960
101	-86.823517	0.000030	1660.377441
102	-87.681526	0.000027	1660.377441
103	-87.756271	0.000027	1408.805054
104	-85.181824	0.000039	855.345886
105	-85.404144	0.000036	1509.433960
106	-87.312294	0.000028	1710.691772
107	-84.370605	0.000043	1761.006226
108	-83.212059	0.000053	1157.232788
109	-86.540947	0.000033	1509.433960
110	-85.995361	0.000036	1459.119385
111	-86.461884	0.000035	1911.949585
112	-87.422592	0.000029	1459.119385
113	-87.832336	0.000027	1408.805054
114	-83.133331	0.000055	1056.603760
115	-84.128517	0.000047	1157.232788
116	-85.360497	0.000038	1811.320801
117	-84.315628	0.000047	1408.805054
118	-83.955421	0.000046	905.660400
119	-87.492981	0.000030	1257.861572
120	-89.449852	0.000021	1509.433960
121	-85.510727	0.000038	1811.320801
122	-84.554237	0.000043	1157.232788
123	-84.605026	0.000043	1408.805054
124	-83.270714	0.000053	855.345886
125	-87.578987	0.000031	1308.176147
126	-89.678482	0.000022	1911.949585
127	-89.296684	0.000023	1911.949585
128	-89.107376	0.000022	1710.691772
129	-87.367096	0.000030	1811.320801
130	-86.495590	0.000033	805.031433
131	-87.711266	0.000030	1610.062866
132	-88.440849	0.000027	1610.062866
133	-86.763115	0.000034	1308.176147
134	-86.384224	0.000036	1308.176147
135	-85.148605	0.000038	2012.578735
136	-85.685020	0.000038	2113.207520
137	-87.394753	0.000029	1911.949585
138	-85.592415	0.000038	1408.805054
139	-87.285149	0.000029	955.974792
140	-88.985603	0.000027	1006.289368
141	-83.097076	0.000053	1559.748413
142	-75.552284	0.000138	754.716980
143	-79.533051	0.000089	603.773621
144	-85.386635	0.000038	1308.176147
145	-84.860573	0.000039	1710.691772
146	-83.831505	0.000047	2264.150879
147	-82.778915	0.000053	2364.780029
148	-84.876083	0.000041	2163.521973
149	-80.537483	0.000072	3320.754883
150	-67.258041	0.000341	4176.100586
151	-57.963081	0.001035	4125.786133
152	-49.967346	0.002640	4327.043945
153	-50.964642	0.002304	4377.358398
154	-49.273483	0.002767	4176.100586
155	-46.033005	0.003794	4427.672852
156	-43.561192	0.005320	4176.100586
157	-37.035030	0.011025	3924.528320
158	-35.969967	0.012896	4125.786133
159	-34.985569	0.014791	4176.100586
160	-41.098858	0.007032	4226.415039
161	-49.791031	0.002447	3723.270508
162	-58.640888	0.000940	2968.553467
163	-42.018894	0.006492	352.201263
164	-34.357304	0.016223	553.459106
165	-34.744408	0.014682	553.459106
166	-32.651283	0.018203	553.459106
167	-32.982258	0.017568	503.144684
168	-34.800419	0.013962	805.031433
169	-36.606159	0.011592	402.515717
170	-42.141510	0.006071	352.201263
171	-46.320305	0.003712	1006.289368
172	-46.006390	0.004041	301.886810
173	-46.466446	0.003549	553.459106
174	-44.183697	0.005023	402.515717
175	-44.645847	0.004591	1006.289368
176	-44.631172	0.004419	1207.547241
177	-45.178898	0.004086	553.459106
178	-39.912060	0.007681	603.773621
179	-37.984028	0.008971	1106.918213
180	-36.023396	0.011654	805.031433
181	-33.524094	0.016817	754.716980
182	-35.523525	0.013110	654.088074
183	-36.240520	0.011840	553.459106
184	-34.487843	0.015501	704.402527
185	-36.876472	0.011656	805.031433
186	-36.350300	0.011762	855.345886
187	-36.179787	0.012003	905.660400
188	-38.315685	0.008721	1207.547241
189	-37.798973	0.009998	905.660400
190	-40.483040	0.007336	905.660400
191	-42.174221	0.006335	452.830200
192	-42.302906	0.006318	754.716980
193	-45.270618	0.004778	301.886810
194	-46.689640	0.003629	2314.465576
195	-41.844913	0.006532	3823.899170
196	-40.494976	0.007830	4578.616211
197	-40.043980	0.008114	4226.415039
198	-41.558670	0.006581	4679.245605
199	-40.198143	0.007645	4176.100586
200	-39.930824	0.008136	4075.471924
201	-38.400558	0.009855	3974.842773
202	-42.753052	0.006073	4176.100586
203	-43.801552	0.005050	3672.956055
204	-54.229511	0.001583	3622.641602
205	-62.410461	0.000638	3270.440430
206	-67.878151	0.000313	4125.786133
207	-71.238579	0.000223	4025.157471
208	-72.930611	0.000174	3924.528320
209	-77.480232	0.000109	4176.100586
210	-81.412483	0.000065	3270.440430
211	-88.985603	0.000024	3119.496826
212	-85.876366	0.000039	2264.150879
213	-89.275238	0.000025	2616.352295
214	-87.325928	0.000032	1106.918213
215	-90.888916	0.000018	1358.490601
216	-93.657883	0.000013	1962.264160
217	-91.743217	0.000018	1761.006226
218	-83.159416	0.000047	1459.119385
219	-73.488113	0.000158	553.459106
220	-59.842999	0.000854	251.572342
221	-54.787270	0.001645	150.943405
222	-56.223640	0.001372	100.628929
223	-52.308731	0.002098	150.943405
224	-52.064774	0.002106	150.943405
225	-52.123486	0.002083	100.628929
226	-53.948051	0.001583	150.943405
227	-52.039558	0.002114	100.628929
228	-52.877831	0.001875	150.943405
229	-53.799255	0.001763	100.628929
230	-55.546654	0.001496	100.628929
231	-50.269047	0.002551	301.886810
232	-40.700134	0.007193	553.459106
233	-36.511318	0.012446	553.459106
234	-40.018253	0.007675	704.402527
235	-50.898315	0.002372	503.144684
236	-53.503277	0.001799	503.144684
237	-49.177731	0.002667	1408.805054
238	-38.554482	0.009384	1308.176147
239	-36.273045	0.012056	1056.603760
240	-34.428776	0.015968	855.345886
241	-35.352779	0.014372	654.088074
242	-37.132629	0.010723	855.345886
243	-38.125099	0.009275	603.773621
244	-40.603050	0.007312	654.088074
245	-41.818863	0.006393	1056.603760
246	-43.608749	0.005077	905.660400
247	-44.131180	0.004824	805.031433
248	-43.687149	0.005042	654.088074
249	-38.552021	0.008458	1106.918213
250	-35.787117	0.012382	855.345886
251	-35.863651	0.012632	603.773621
252	-35.698593	0.012940	704.402527
253	-34.679695	0.014263	553.459106
254	-33.300770	0.016278	905.660400
255	-34.522549	0.014179	754.716980
256	-34.910179	0.013648	704.402527
257	-35.849598	0.012767	553.459106
258	-34.922325	0.014020	553.459106
259	-36.974869	0.010846	805.031433
260	-36.309925	0.011817	603.773621
261	-34.747452	0.014383	402.515717
262	-34.062645	0.014172	1056.603760
263	-31.097666	0.019416	855.345886
264	-31.985949	0.017826	1106.918213
265	-32.972187	0.015465	855.345886
266	-33.620968	0.014039	1157.232788
267	-34.495689	0.013153	1056.603760
268	-48.219425	0.002979	805.031433
269	-48.362450	0.002851	1257.861572
270	-43.360592	0.005135	1358.490601
271	-34.844360	0.012428	1006.289368
272	-31.705641	0.017220	754.716980
273	-32.511425	0.016171	805.031433
274	-32.457470	0.015361	754.716980
275	-32.825623	0.014784	805.031433
276	-32.533512	0.016195	905.660400
277	-33.837181	0.013431	805.031433
278	-34.486599	0.012884	603.773621
279	-34.644535	0.012780	805.031433
280	-35.167778	0.012098	1006.289368
281	-35.419758	0.012118	805.031433
282	-35.962257	0.012084	402.515717
283	-34.561287	0.013875	855.345886
284	-35.920528	0.012354	754.716980
285	-36.235329	0.011834	805.031433
286	-36.555759	0.011547	855.345886
287	-37.958225	0.009873	905.660400
288	-37.843086	0.009881	754.716980
289	-37.603813	0.010697	603.773621
290	-37.500404	0.010153	905.660400
291	-39.070221	0.008426	1207.547241
292	-40.479961	0.007389	805.031433
293	-46.799294	0.003607	754.716980
294	-45.725269	0.004041	452.830200
295	-47.688652	0.003258	352.201263
296	-48.045090	0.003149	301.886810
297	-46.720318	0.003467	553.459106
298	-40.223137	0.007050	754.716980
299	-37.812111	0.009686	1207.547241
300	-37.413151	0.010084	754.716980
301	-36.181263	0.011937	1157.232788
302	-38.405136	0.008931	1006.289368
303	-38.310787	0.009067	855.345886
304	-38.288654	0.009266	1006.289368
305	-39.938778	0.007924	805.031433
306	-40.324024	0.007682	704.402527
307	-42.066090	0.006333	1157.232788
308	-42.315594	0.005976	1106.918213
309	-42.203629	0.006088	805.031433
310	-43.308239	0.005265	1207.547241
311	-45.135582	0.004528	1207.547241
312	-46.775810	0.003659	1358.490601
313	-55.108406	0.001511	955.974792
314	-52.605698	0.001624	1811.320801
315	-47.277325	0.002632	2163.521973
316	-64.318153	0.000494	3119.496826
317	-67.535774	0.000341	3974.842773
318	-67.680191	0.000349	4025.157471
319	-72.758827	0.000154	4075.471924
320	-74.002174	0.000138	2515.723145
321	-58.274998	0.000985	1408.805054
322	-60.785072	0.000735	1509.433960
323	-58.798866	0.001024	352.201263
324	-60.766361	0.000813	301.886810
325	-60.018002	0.000829	3320.754883
326	-56.610893	0.001208	3471.697998
327	-50.850334	0.002376	955.974792
328	-42.324570	0.006400	1459.119385
329	-42.240490	0.005984	1308.176147
330	-38.986301	0.007929	1962.264160
331	-39.998333	0.007364	1459.119385
332	-42.928867	0.005212	855.345886
333	-46.912735	0.003684	402.515717
334	-46.529976	0.003692	805.031433
335	-47.841270	0.003217	855.345886
336	-48.326389	0.003080	503.144684
337	-50.002785	0.002522	402.515717
338	-55.106415	0.001517	201.257858
339	-56.353760	0.001122	201.257858
340	-40.083363	0.006869	1509.433960
341	-40.889496	0.007092	805.031433
342	-44.604782	0.004729	1006.289368
343	-54.285782	0.001519	1006.289368
344	-45.952053	0.004079	754.716980
345	-37.913414	0.010300	855.345886
346	-38.414978	0.008970	1006.289368
347	-38.365448	0.008865	1257.861572
348	-37.918934	0.009248	1358.490601
349	-39.708378	0.007750	1257.861572
350	-46.489979	0.003698	704.402527
351	-57.392509	0.001195	352.201263
352	-61.639999	0.000574	2113.207520
353	-70.356216	0.000229	1811.320801
354	-73.322556	0.000157	2465.408691
355	-43.077450	0.003627	2616.352295
356	-43.545841	0.004816	2616.352295
357	-49.806946	0.002658	1106.918213
358	-36.681244	0.011232	1207.547241
359	-34.015472	0.013476	754.716980
360	-38.357906	0.008902	1207.547241
361	-38.725452	0.008813	1207.547241
362	-39.601021	0.008286	905.660400
363	-38.973930	0.008523	553.459106
364	-35.005001	0.011819	1006.289368
365	-33.955074	0.013481	1408.805054
366	-33.505611	0.014216	1006.289368
367	-34.276642	0.013673	1257.861572
368	-35.276119	0.012442	1006.289368
369	-37.685474	0.009841	553.459106
370	-39.347618	0.007990	754.716980
371	-41.961288	0.005963	704.402527
372	-43.724895	0.005264	402.515717
373	-44.860241	0.004783	301.886810
374	-44.822006	0.004925	301.886810
375	-43.467373	0.005785	251.572342
376	-41.909794	0.006551	402.515717
377	-40.648071	0.007399	503.144684
378	-40.826866	0.007220	402.515717
379	-39.606789	0.007915	704.402527
380	-40.175415	0.007686	553.459106
381	-39.193100	0.008302	654.088074
382	-40.467800	0.007573	603.773621
383	-45.293472	0.004445	503.144684
384	-45.367462	0.004020	503.144684
385	-41.989620	0.006204	352.201263
386	-43.472183	0.005538	301.886810
387	-44.350960	0.004378	603.773621
388	-53.455887	0.001719	251.572342
389	-57.447762	0.001071	201.257858
390	-57.036686	0.001144	301.886810
391	-50.686115	0.002229	603.773621
392	-41.142723	0.006340	603.773621
393	-39.117382	0.007780	603.773621
394	-39.006153	0.007924	1610.062866
395	-40.836704	0.006471	1559.748413
396	-42.357689	0.005326	704.402527
397	-45.511688	0.004026	452.830200
398	-47.477798	0.003177	603.773621
399	-50.837421	0.002239	704.402527
400	-51.951458	0.001946	805.031433
401	-53.140366	0.001864	503.144684
402	-55.357788	0.001492	251.572342
403	-54.830238	0.001430	1408.805054
404	-59.081661	0.000911	503.144684
405	-64.278908	0.000515	503.144684
406	-70.056450	0.000278	251.572342
407	-81.346497	0.000065	1911.949585
408	-87.125755	0.000032	1811.320801
409	-88.867149	0.000025	1761.006226
410	-83.407036	0.000046	2213.836426
411	-59.972298	0.000553	1811.320801
412	-70.522911	0.000206	1358.490601
413	-81.353394	0.000060	855.345886
414	-91.244301	0.000018	2113.207520
415	-88.602715	0.000022	1509.433960
416	-89.449852	0.000020	1962.264160
417	-87.312294	0.000026	1962.264160
418	-88.985603	0.000024	704.402527
419	-86.015511	0.000035	1610.062866
420	-90.308998	0.000022	704.402527
421	-89.405533	0.000024	1509.433960
422	-87.771378	0.000031	1257.861572
423	-91.177483	0.000018	1962.264160
424	-93.107407	0.000015	1257.861572
425	-93.716972	0.000013	2264.150879
426	-78.374275	0.000065	3471.697998
427	-88.658043	0.000026	2767.295654
428	-87.339607	0.000030	855.345886
429	-86.318756	0.000031	1811.320801
430	-91.705620	0.000015	1509.433960
431	-90.827316	0.000017	2213.836426
432	-90.474991	0.000019	1408.805054
433	-92.264198	0.000014	1308.176147
434	-91.312164	0.000016	1610.062866
435	-90.951408	0.000018	1811.320801
436	-88.117737	0.000027	1157.232788
437	-90.796837	0.000018	1257.861572
438	-93.716972	0.000011	1509.433960
439	-92.138306	0.000014	2163.521973
440	-90.706673	0.000019	1106.918213
441	-91.346497	0.000015	1207.547241
442	-88.250870	0.000025	1207.547241
443	-86.598320	0.000029	654.088074
444	-94.426285	0.000009	1459.119385
445	-89.821671	0.000024	1559.748413
446	-96.222359	0.000007	553.459106
447	-96.909515	0.000007	1408.805054
448	-96.329597	0.000008	1207.547241
449	-93.961708	0.000012	2012.578735
450	-97.726219	0.000006	503.144684
451	-96.668182	0.000007	1761.006226
452	-98.548088	0.000005	754.716980
453	-96.909515	0.000007	1308.176147
454	-97.298698	0.000006	1006.289368
455	-94.496902	0.000010	1308.176147
456	-93.899216	0.000011	1207.547241
457	-91.079147	0.000016	1207.547241
458	-87.231361	0.000028	1610.062866
459	-87.492981	0.000027	1559.748413
460	-89.427635	0.000020	754.716980
461	-93.716972	0.000012	1358.490601
462	-93.599586	0.000013	1207.547241
463	-92.759781	0.000014	1761.006226
464	-92.665367	0.000014	704.402527
465	-93.899216	0.000011	1710.691772
466	-92.572960	0.000015	905.660400
467	-89.944710	0.000022	1106.918213
468	-93.599586	0.000013	754.716980
469	-93.961708	0.000012	1710.691772
470	-93.899216	0.000013	201.257858
471	-92.393845	0.000015	1811.320801
472	-94.288399	0.000011	1610.062866
473	-95.915672	0.000008	1811.320801
474	-95.190163	0.000010	1308.176147
475	-96.552361	0.000007	1308.176147
476	-97.035408	0.000006	1459.119385
477	-96.552361	0.000007	1861.635254
478	-96.787170	0.000007	1006.289368
479	-95.190163	0.000010	2012.578735
480	-93.657883	0.000013	1308.176147
481	-92.437935	0.000015	2113.207520
482	-94.568687	0.000010	1006.289368
483	-95.915672	0.000008	1610.062866
484	-96.222359	0.000008	805.031433
485	-96.909515	0.000007	1610.062866
486	-98.732918	0.000004	704.402527
487	-97.298698	0.000006	1509.433960
488	-96.439552	0.000007	905.660400
489	-97.436584	0.000006	1308.176147
490	-97.298698	0.000006	1308.176147
491	-94.791451	0.000010	1911.949585
492	-91.781151	0.000018	704.402527
493	-94.791451	0.000010	1761.006226
494	-96.909515	0.000007	905.660400
495	-95.190163	0.000010	2012.578735
496	-95.274498	0.000010	905.660400
497	-97.878616	0.000005	1056.603760
498	-97.726219	0.000006	1308.176147
499	-97.878616	0.000005	1559.748413
500	-97.035408	0.000006	805.031433
501	-97.726219	0.000006	1207.547241
502	-97.726219	0.000006	1106.918213
503	-97.878616	0.000005	1106.918213
504	-97.878616	0.000005	1006.289368
505	-97.165062	0.000006	1459.119385
506	-97.035408	0.000006	1358.490601
507	-97.436584	0.000006	1106.918213
508	-97.878616	0.000005	905.660400
509	-93.657883	0.000013	2062.893066
510	-93.212059	0.000013	1207.547241
511	-97.726219	0.000005	1056.603760
512	-96.439552	0.000007	503.144684
513	-97.726219	0.000006	1811.320801
514	-97.298698	0.000006	1006.289368
515	-96.668182	0.000007	1106.918213
516	-96.117706	0.000008	805.031433
517	-95.190163	0.000009	1207.547241
518	-97.436584	0.000006	805.031433
519	-98.370796	0.000005	1207.547241
520	-96.909515	0.000007	805.031433
521	-96.222359	0.000008	1911.949585
522	-97.878616	0.000005	955.974792
523	-97.035408	0.000006	1610.062866
524	-98.036560	0.000005	805.031433
525	-97.878616	0.000005	1257.861572
526	-97.436584	0.000006	1006.289368
527	-98.370796	0.000005	1509.433960
528	-98.370796	0.000005	805.031433
529	-96.909515	0.000007	1509.433960
530	-97.165062	0.000006	905.660400
531	-97.298698	0.000006	1610.062866
532	-96.222359	0.000008	905.660400
533	-97.878616	0.000005	1710.691772
534	-97.298698	0.000006	905.660400
535	-97.878616	0.000005	1207.547241
536	-98.370796	0.000005	955.974792
537	-97.436584	0.000006	1509.433960
538	-98.925972	0.000004	1006.289368
539	-97.726219	0.000006	905.660400
540	-99.128006	0.000004	1157.232788
541	-97.578987	0.000006	1308.176147
542	-96.909515	0.000007	1308.176147
543	-97.165062	0.000006	1408.805054
544	-97.436584	0.000006	1207.547241
545	-98.732918	0.000004	1207.547241
546	-97.436584	0.000006	1408.805054
547	-95.537788	0.000009	1911.949585
548	-86.362297	0.000031	1911.949585
549	-57.027180	0.000757	2364.780029
550	-80.898232	0.000066	2616.352295
551	-88.548088	0.000026	2465.408691
552	-88.052673	0.000028	2867.924561
553	-89.339897	0.000023	2716.981201
554	-80.763557	0.000067	3018.867920
555	-71.127388	0.000217	4226.415039
556	-56.233135	0.001179	2012.578735
557	-49.559101	0.002894	553.459106
558	-49.340229	0.002837	2515.723145
559	-42.060261	0.006258	3119.496826
560	-28.499657	0.031385	754.716980
561	-40.930737	0.007898	1056.603760
562	-46.570862	0.003966	251.572342
563	-55.108906	0.001395	805.031433
564	-59.744240	0.000906	603.773621
565	-57.383018	0.001147	452.830200
566	-59.110668	0.000895	2968.553467
567	-44.821861	0.003935	3169.811279
568	-50.945198	0.002078	2213.836426
569	-41.652134	0.006646	553.459106
570	-33.581009	0.015861	654.088074
571	-32.673622	0.016097	553.459106
572	-32.568527	0.015443	654.088074
573	-33.686779	0.013073	754.716980
574	-36.067341	0.011766	553.459106
575	-43.678921	0.005036	805.031433
576	-44.540455	0.004264	704.402527
577	-44.945694	0.004412	503.144684
578	-45.534760	0.003969	553.459106
579	-43.989731	0.004761	301.886810
580	-43.250641	0.005210	553.459106
581	-43.125210	0.005494	503.144684
582	-41.778481	0.006664	301.886810
583	-41.990337	0.006087	553.459106
584	-41.904133	0.006193	955.974792
585	-44.593102	0.004659	503.144684
586	-46.401424	0.003877	1509.433960
587	-40.922745	0.007089	3320.754883
588	-42.018959	0.006184	4025.157471
589	-41.304600	0.006633	3169.811279
590	-44.205154	0.004941	1911.949585
591	-41.059364	0.007003	704.402527
592	-38.052826	0.009179	955.974792
593	-33.703575	0.014633	1006.289368
594	-34.651936	0.012952	1257.861572
595	-36.244976	0.010760	1408.805054
596	-36.994568	0.010302	704.402527
597	-39.609474	0.007971	1006.289368
598	-43.731461	0.004939	855.345886
599	-49.258816	0.002859	1006.289368
600	-53.728210	0.001700	2515.723145
601	-51.582901	0.002101	4427.672852
602	-50.378006	0.002497	4327.043945
603	-51.240398	0.002233	4176.100586
604	-50.404610	0.002387	3874.213867
605	-52.054962	0.001995	4477.987305
606	-51.730312	0.002048	4176.100586
607	-51.291821	0.002263	3874.213867
608	-57.190334	0.001103	3874.213867
609	-57.502289	0.001084	2415.094482
610	-41.039196	0.006790	352.201263
611	-36.035141	0.012381	704.402527
612	-33.243397	0.016862	1308.176147
613	-34.925571	0.014121	955.974792
614	-34.923965	0.013058	1106.918213
615	-35.497173	0.011551	1358.490601
616	-35.530544	0.012492	955.974792
617	-37.411526	0.010251	1408.805054
618	-41.216072	0.006695	1257.861572
619	-45.567265	0.003913	704.402527
620	-47.372688	0.003364	704.402527
621	-47.576168	0.003362	352.201263
622	-46.454445	0.003721	654.088074
623	-47.997307	0.003197	503.144684
624	-48.255596	0.003128	301.886810
625	-48.134594	0.003097	352.201263
626	-46.178669	0.003996	301.886810
627	-47.669243	0.003350	553.459106
628	-48.348053	0.003061	301.886810
629	-48.299862	0.003078	301.886810
630	-47.055775	0.003540	352.201263
631	-48.490150	0.003076	352.201263
632	-49.914352	0.002563	100.628929
633	-47.928123	0.003133	352.201263
634	-40.388367	0.007505	553.459106
635	-38.337677	0.010250	402.515717
636	-38.445980	0.010071	301.886810
637	-37.066151	0.011576	603.773621
638	-37.702801	0.010455	603.773621
639	-38.817463	0.009115	452.830200
640	-37.268856	0.011240	553.459106
641	-38.613869	0.009688	503.144684
642	-38.968189	0.009405	352.201263
643	-37.804752	0.010220	754.716980
644	-39.485851	0.008487	654.088074
645	-39.366299	0.008791	805.031433
646	-42.956425	0.005804	553.459106
647	-42.330448	0.006189	603.773621
648	-45.104237	0.004384	805.031433
649	-46.763618	0.003426	654.088074
650	-48.609779	0.002879	704.402527
651	-62.943142	0.000508	805.031433
652	-68.993210	0.000284	1207.547241
653	-51.010887	0.001838	1257.861572
654	-65.579788	0.000393	1056.603760
655	-72.802467	0.000184	1308.176147
656	-79.142509	0.000090	1207.547241
657	-80.435692	0.000072	1358.490601
658	-86.644768	0.000033	1106.918213
659	-89.539864	0.000023	1811.320801
660	-88.965637	0.000024	1811.320801
661	-89.148735	0.000022	1358.490601
662	-70.614548	0.000183	3069.182373
663	-79.972252	0.000073	3169.811279
664	-69.790482	0.000231	3018.867920
665	-44.185318	0.003571	1911.949585
666	-48.797562	0.002967	1408.805054
667	-44.014507	0.005118	805.031433
668	-43.659985	0.005330	1710.691772
669	-43.379997	0.005235	2113.207520
670	-44.586926	0.004779	1509.433960
671	-46.588264	0.003567	2465.408691
672	-49.756256	0.002636	1207.547241
673	-52.502800	0.001863	1308.176147
674	-62.349808	0.000631	603.773621
675	-69.438286	0.000274	251.572342
676	-82.298393	0.000060	1157.232788
677	-87.478813	0.000029	1408.805054
678	-87.925400	0.000027	2213.836426
679	-90.363625	0.000021	2113.207520
680	-89.025810	0.000026	1157.232788
681	-76.143631	0.000123	1006.289368
682	-53.584587	0.001657	754.716980
683	-38.136993	0.010057	855.345886
684	-40.871071	0.005859	1308.176147
685	-51.249031	0.002231	452.830200
686	-55.029446	0.001501	754.716980
687	-46.900322	0.002612	1509.433960
688	-42.810177	0.005841	654.088074
689	-39.453835	0.008288	1257.861572
690	-40.054970	0.007875	1459.119385
691	-42.244328	0.005693	1408.805054
692	-46.150055	0.003950	251.572342
693	-47.924316	0.003171	603.773621
694	-46.296722	0.003892	301.886810
695	-47.426250	0.003416	352.201263
696	-47.268887	0.003475	301.886810
697	-46.635780	0.003715	301.886810
698	-46.303902	0.003761	352.201263
699	-45.617310	0.003988	754.716980
700	-39.105587	0.008627	1509.433960
701	-35.992439	0.011744	1559.748413
702	-33.534012	0.015567	1610.062866
703	-33.848568	0.014705	1710.691772
704	-35.279228	0.012505	1459.119385
705	-40.731892	0.006987	1257.861572
706	-50.820583	0.002361	905.660400
707	-52.041466	0.001961	1408.805054
708	-41.467415	0.006678	905.660400
709	-40.963108	0.006446	855.345886
710	-54.070248	0.001786	50.314465
711	-60.261433	0.000768	603.773621
712	-69.645271	0.000248	1056.603760
713	-76.764313	0.000121	1207.547241
714	-74.151474	0.000175	150.943405
715	-85.876366	0.000036	1559.748413
716	-87.801750	0.000030	1911.949585
717	-91.346497	0.000018	2213.836426
718	-87.086807	0.000032	1257.861572
719	-90.982994	0.000017	1459.119385
720	-78.220558	0.000082	1459.119385
721	-50.689419	0.001784	1660.377441
722	-39.678726	0.007445	402.515717
723	-33.116203	0.015563	654.088074
724	-31.962540	0.017486	654.088074
725	-34.466904	0.013634	905.660400
726	-33.676804	0.014549	704.402527
727	-34.132320	0.013417	553.459106
728	-35.872616	0.011966	1106.918213
729	-38.437756	0.009140	654.088074
730	-40.793583	0.007189	905.660400
731	-42.650631	0.005765	704.402527
732	-44.765808	0.004953	603.773621
733	-47.818027	0.003508	855.345886
734	-44.830807	0.004115	4477.987305
735	-39.494949	0.008162	5031.446289
736	-38.484997	0.009664	4880.503418
737	-36.827831	0.011654	5031.446289
738	-37.743790	0.010313	4930.817383
739	-38.773754	0.009381	4930.817383
740	-37.865391	0.010030	4679.245605
741	-39.019470	0.008883	4981.131836
742	-41.821373	0.006407	4226.415039
743	-43.814121	0.004917	4075.471924
744	-49.560982	0.002657	3672.956055
745	-57.630653	0.001000	3320.754883
746	-46.528667	0.003767	654.088074
747	-39.639122	0.008178	553.459106
748	-38.917980	0.009193	402.515717
749	-38.881149	0.008776	805.031433
750	-38.266098	0.009534	603.773621
751	-39.203941	0.008514	452.830200
752	-37.584930	0.010457	603.773621
753	-37.456249	0.010151	805.031433
754	-38.575554	0.009242	955.974792
755	-39.440350	0.007987	905.660400
756	-40.678692	0.007057	704.402527
757	-41.041321	0.006590	905.660400
758	-40.790012	0.006956	955.974792
759	-40.065315	0.007686	955.974792
760	-43.234741	0.005273	1408.805054
761	-45.530079	0.004015	1207.547241
762	-49.648811	0.002577	452.830200
763	-51.097229	0.002209	301.886810
764	-52.545662	0.001854	452.830200
765	-54.144157	0.001584	201.257858
766	-54.044106	0.001631	201.257858
767	-55.042522	0.001414	201.257858
768	-57.788876	0.001085	100.628929
769	-53.981796	0.001549	2666.666748
770	-50.054966	0.002069	2666.666748
771	-39.508202	0.008330	654.088074
772	-39.396210	0.008704	855.345886
773	-40.539730	0.007163	704.402527
774	-41.336266	0.006530	955.974792
775	-42.329773	0.005898	754.716980
776	-48.548122	0.003013	805.031433
777	-46.069733	0.003951	553.459106
778	-44.985043	0.004449	503.144684
779	-43.108025	0.005629	704.402527
780	-41.088757	0.006667	603.773621
781	-41.195442	0.006732	503.144684
782	-40.869186	0.006510	603.773621
783	-41.552036	0.006231	603.773621
784	-42.098808	0.005895	603.773621
785	-45.797489	0.003650	301.886810
786	-61.672237	0.000655	805.031433
787	-68.384544	0.000311	855.345886
788	-71.887978	0.000200	754.716980
789	-81.261169	0.000067	1207.547241
790	-87.711266	0.000028	1911.949585
791	-86.107376	0.000033	1559.748413
792	-61.228172	0.000628	402.515717
793	-41.840710	0.005336	352.201263
794	-38.404469	0.008471	654.088074
795	-53.138210	0.001805	805.031433
796	-53.816753	0.001487	1056.603760
797	-39.686737	0.007267	654.088074
798	-37.159130	0.009618	553.459106
799	-37.499607	0.009257	503.144684
800	-38.612682	0.008077	603.773621
801	-42.392807	0.005532	754.716980
802	-46.621021	0.003549	805.031433
803	-56.449833	0.001210	603.773621
804	-63.388962	0.000529	603.773621
805	-71.286591	0.000215	1207.547241
806	-75.193504	0.000129	1962.264160
807	-55.502525	0.000773	2767.295654
808	-55.154060	0.001069	4125.786133
809	-75.056122	0.000138	3572.327148
810	-80.449684	0.000073	3823.899170
811	-82.376335	0.000050	2364.780029
812	-81.240936	0.000052	2867.924561
813	-55.102272	0.000815	3522.012451
814	-49.479912	0.002650	4176.100586
815	-54.186554	0.001562	2566.037598
816	-44.891006	0.004035	654.088074
817	-41.548443	0.006282	1257.861572
818	-47.219162	0.003078	1106.918213
819	-57.514256	0.001106	100.628929
820	-67.900391	0.000325	1459.119385
821	-46.127548	0.002328	2465.408691
822	-72.112328	0.000184	2415.094482
823	-75.335381	0.000132	2264.150879
824	-80.102280	0.000075	2666.666748
825	-74.909615	0.000113	1861.635254
826	-46.108017	0.003197	2264.150879
827	-51.244427	0.002270	1408.805054
828	-40.804184	0.006629	452.830200
829	-36.918671	0.010170	754.716980
830	-35.209663	0.012208	1006.289368
831	-34.678265	0.013133	1358.490601
832	-36.012142	0.011482	1408.805054
833	-37.883389	0.009538	1056.603760
834	-39.989525	0.007688	704.402527
835	-40.242275	0.007771	905.660400
836	-44.373600	0.005009	352.201263
837	-46.978226	0.003639	402.515717
838	-48.647964	0.002958	301.886810
839	-46.800591	0.003597	301.886810
840	-42.657398	0.005815	352.201263
841	-39.694561	0.008666	402.515717
842	-38.986591	0.008804	452.830200
843	-38.957291	0.008873	452.830200
844	-39.546921	0.008571	402.515717
845	-40.437717	0.007642	402.515717
846	-40.926838	0.007060	503.144684
847	-41.061356	0.007050	402.515717
848	-41.943779	0.006269	352.201263
849	-41.948063	0.006575	301.886810
850	-41.113544	0.007153	301.886810
851	-41.990074	0.006466	452.830200
852	-43.302849	0.005624	402.515717
853	-44.409401	0.004929	503.144684
854	-45.486931	0.004361	503.144684
855	-46.186344	0.004105	603.773621
856	-47.581356	0.003649	201.257858
857	-50.059990	0.002870	150.943405
858	-48.360256	0.002878	2867.924561
859	-45.974739	0.003835	3974.842773
860	-46.333332	0.003982	4226.415039
861	-44.895149	0.004431	4377.358398
862	-45.882023	0.004081	4528.301758
863	-49.772526	0.002488	4578.616211
864	-54.211754	0.001448	4528.301758
865	-62.700016	0.000537	4327.043945
866	-62.321716	0.000444	4628.931152
867	-74.758812	0.000143	4327.043945
868	-81.207428	0.000072	4930.817383
869	-85.351822	0.000040	4075.471924
870	-85.886162	0.000033	3069.182373
871	-54.645016	0.000661	3371.069092
872	-55.202835	0.000991	2918.238770
873	-52.036259	0.001929	1257.861572
874	-53.314827	0.001627	301.886810
875	-49.288399	0.002877	704.402527
876	-41.456673	0.006365	1358.490601
877	-41.634270	0.006236	1106.918213
878	-43.395065	0.004457	754.716980
879	-57.118458	0.001186	402.515717
880	-67.089912	0.000382	553.459106
881	-68.253914	0.000315	352.201263
882	-76.174950	0.000120	905.660400
883	-83.201477	0.000052	2012.578735
884	-86.715385	0.000032	2012.578735
885	-86.506889	0.000035	955.974792
886	-88.770851	0.000024	1710.691772
887	-79.610931	0.000072	1257.861572
888	-56.867977	0.001148	402.515717
889	-41.031723	0.006327	905.660400
890	-35.979023	0.011404	704.402527
891	-31.166712	0.016071	704.402527
892	-39.962692	0.007290	955.974792
893	-45.751621	0.003916	855.345886
894	-48.797752	0.003053	654.088074
895	-51.847584	0.002010	1207.547241
896	-38.864189	0.008096	654.088074
897	-47.207317	0.002936	1056.603760
898	-56.686661	0.001211	603.773621
899	-65.464668	0.000408	1056.603760
900	-72.060425	0.000196	855.345886
901	-75.325035	0.000122	1207.547241
902	-80.217682	0.000074	1459.119385
903	-83.930351	0.000047	2163.521973
904	-88.234001	0.000027	2012.578735
905	-89.046059	0.000025	2163.521973
906	-87.125755	0.000033	1358.490601
907	-88.789940	0.000025	1509.433960
908	-88.370796	0.000023	1660.377441
909	-89.749481	0.000023	1459.119385
910	-88.512047	0.000024	1509.433960
911	-85.694389	0.000037	1861.635254
912	-77.641685	0.000089	1962.264160
913	-79.490128	0.000079	1559.748413
914	-82.442375	0.000053	805.031433
915	-89.190498	0.000023	1761.006226
916	-86.495590	0.000030	1811.320801
917	-85.685020	0.000039	1509.433960
918	-89.517189	0.000018	1911.949585
919	-90.706673	0.000017	1710.691772
920	-87.622635	0.000027	704.402527
921	-89.797470	0.000018	1911.949585
922	-92.264198	0.000014	1710.691772
923	-85.837418	0.000034	1308.176147
924	-87.696373	0.000027	1157.232788
925	-85.876366	0.000038	1006.289368
926	-90.363625	0.000021	1106.918213
927	-90.796837	0.000020	1056.603760
928	-88.085083	0.000031	805.031433
929	-91.111679	0.000021	301.886810
930	-94.496902	0.000011	2062.893066
931	-93.716972	0.000012	2012.578735
932	-90.888916	0.000018	1308.176147
933	-89.383545	0.000026	1911.949585
934	-89.107376	0.000024	1761.006226
935	-89.725685	0.000023	1559.748413
936	-89.405533	0.000025	1962.264160
937	-85.722618	0.000040	1056.603760
938	-89.749481	0.000017	1459.119385
939	-92.905373	0.000014	1408.805054
940	-86.739182	0.000027	2415.094482
941	-88.318993	0.000024	2213.836426
942	-90.474991	0.000018	2213.836426
943	-89.631783	0.000021	855.345886
944	-90.446884	0.000015	1811.320801
945	-94.426285	0.000010	1207.547241
946	-89.253899	0.000021	1710.691772
947	-88.985603	0.000019	1257.861572
948	-90.951408	0.000017	1610.062866
949	-91.346497	0.000016	1861.635254
950	-92.807770	0.000014	1710.691772
951	-88.200462	0.000025	1207.547241
952	-85.760551	0.000033	1610.062866
953	-88.828377	0.000023	1610.062866
954	-91.522346	0.000015	1207.547241
955	-88.476303	0.000027	1358.490601
956	-85.629219	0.000035	754.716980
957	-89.005661	0.000020	1006.289368
958	-93.599586	0.000011	1610.062866
959	-90.308998	0.000017	2213.836426
960	-86.656456	0.000026	1610.062866
961	-91.312164	0.000014	1157.232788
962	-89.969734	0.000018	1610.062866
963	-92.056358	0.000014	1610.062866
964	-94.426285	0.000011	1408.805054
965	-91.522346	0.000016	704.402527
966	-84.938683	0.000040	1408.805054
967	-87.408653	0.000026	1559.748413
968	-87.125755	0.000026	1962.264160
969	-90.308998	0.000021	1006.289368
970	-88.301865	0.000026	2314.465576
971	-90.706673	0.000020	1207.547241
972	-91.381096	0.000016	2163.521973
973	-91.144463	0.000017	1207.547241
974	-87.353325	0.000026	1509.433960
975	-86.775124	0.000031	1509.433960
976	-87.422592	0.000024	1207.547241
977	-88.267799	0.000021	1207.547241
978	-84.845116	0.000037	1610.062866
979	-89.318237	0.000018	1911.949585
980	-90.045708	0.000019	2062.893066
981	-90.618340	0.000017	1006.289368
982	-88.714081	0.000025	1911.949585
983	-87.756271	0.000028	855.345886
984	-87.786537	0.000028	1308.176147
985	-88.751846	0.000021	1710.691772
986	-88.602715	0.000020	1861.635254
987	-85.148605	0.000044	754.716980
988	-85.837418	0.000037	553.459106
989	-89.870468	0.000021	1408.805054
990	-94.946571	0.000010	1660.377441
991	-86.799255	0.000030	1157.232788
992	-91.705620	0.000016	1761.006226
993	-86.097076	0.000033	603.773621
994	-91.936272	0.000015	2012.578735
995	-92.712318	0.000013	805.031433
996	-86.715385	0.000035	1106.918213
997	-91.936272	0.000016	1710.691772
998	-89.562660	0.000019	1308.176147
999	-89.585579	0.000022	1861.635254
1000	-90.647583	0.000019	1660.377441
1001	-90.474991	0.000018	1610.062866
1002	-90.391205	0.000020	1509.433960
1003	-91.177483	0.000020	603.773621
1004	-89.494629	0.000025	1710.691772
1005	-92.712318	0.000014	1408.805054
1006	-95.026260	0.000010	1761.006226
1007	-95.107437	0.000010	1811.320801
1008	-92.665367	0.000014	1811.320801
1009	-93.265350	0.000014	1308.176147
1010	-95.537788	0.000009	1408.805054
1011	-93.373924	0.000013	1761.006226
1012	-88.584427	0.000024	1207.547241
1013	-88.267799	0.000026	1509.433960
1014	-88.200462	0.000027	1509.433960
1015	-87.956871	0.000029	1610.062866
1016	-91.244301	0.000017	1257.861572
1017	-91.079147	0.000018	1157.232788
1018	-91.244301	0.000016	1660.377441
1019	-91.594727	0.000016	1559.748413
1020	-89.296684	0.000021	1660.377441
1021	-93.657883	0.000012	1811.320801
1022	-95.360497	0.000008	1509.433960
1023	-91.819412	0.000017	1559.748413
1024	-91.079147	0.000019	1459.119385
1025	-90.888916	0.000017	1811.320801
1026	-86.897125	0.000029	1509.433960
1027	-90.503281	0.000019	1660.377441
1028	-87.666725	0.000024	1559.748413
1029	-89.702019	0.000021	1006.289368
1030	-88.639519	0.000023	1911.949585
1031	-91.177483	0.000019	1459.119385
1032	-94.496902	0.000010	1911.949585
1033	-91.111679	0.000019	1308.176147
1034	-86.811371	0.000030	1257.861572
1035	-85.537788	0.000032	1610.062866
1036	-87.112732	0.000026	1308.176147
1037	-84.115456	0.000044	1308.176147
1038	-86.727272	0.000028	1962.264160
1039	-89.678482	0.000019	1761.006226
1040	-88.658043	0.000022	1610.062866
1041	-87.339607	0.000029	1811.320801
1042	-92.138306	0.000015	2113.207520
1043	-87.622635	0.000028	1257.861572
1044	-87.925400	0.000028	1358.490601
1045	-87.550133	0.000029	1308.176147
1046	-89.725685	0.000019	1408.805054
1047	-89.749481	0.000019	1911.949585
1048	-87.450615	0.000028	1811.320801
1049	-88.847717	0.000025	1157.232788
1050	-88.886665	0.000024	2465.408691
1051	-69.852837	0.000139	2012.578735
1052	-77.803276	0.000090	2968.553467
1053	-88.440849	0.000026	1761.006226
1054	-85.510727	0.000036	2515.723145
1055	-87.894157	0.000025	2113.207520
1056	-86.884773	0.000030	1811.320801
1057	-89.449852	0.000020	1710.691772
1058	-88.267799	0.000026	1761.006226
1059	-90.071335	0.000020	1308.176147
1060	-93.005211	0.000013	2314.465576
1061	-91.278099	0.000019	1257.861572
1062	-91.522346	0.000018	1660.377441
1063	-95.915672	0.000008	805.031433
1064	-94.496902	0.000011	1660.377441
1065	-96.439552	0.000007	1610.062866
1066	-95.629219	0.000009	1861.635254
1067	-94.791451	0.000010	1106.918213
1068	-90.736519	0.000020	1106.918213
1069	-94.715919	0.000010	1509.433960
1070	-97.035408	0.000006	805.031433
1071	-94.089447	0.000012	704.402527
1072	-89.725685	0.000026	1308.176147
1073	-94.715919	0.000010	905.660400
1074	-96.015511	0.000008	855.345886
1075	-97.298698	0.000006	1911.949585
1076	-97.578987	0.000006	905.660400
1077	-97.878616	0.000005	1509.433960
1078	-97.578987	0.000006	855.345886
1079	-97.298698	0.000006	1408.805054
1080	-98.200462	0.000005	1509.433960
1081	-97.878616	0.000005	905.660400
1082	-97.165062	0.000006	2012.578735
1083	-97.726219	0.000006	603.773621
1084	-94.868317	0.000011	2213.836426
1085	-97.436584	0.000006	1207.547241
1086	-97.035408	0.000006	1006.289368
1087	-98.548088	0.000005	905.660400
1088	-97.165062	0.000006	2012.578735
1089	-96.222359	0.000008	1308.176147
1090	-98.370796	0.000005	1006.289368
1091	-97.165062	0.000006	1056.603760
1092	-96.668182	0.000007	1408.805054
1093	-97.035408	0.000006	1006.289368
1094	-92.437935	0.000014	1811.320801
1095	-85.537788	0.000035	1056.603760
1096	-89.253899	0.000022	1157.232788
1097	-87.988571	0.000028	1358.490601
1098	-84.738441	0.000044	1358.490601
1099	-89.066406	0.000025	1610.062866
1100	-88.250870	0.000024	1106.918213
1101	-86.159264	0.000036	1610.062866
1102	-87.380905	0.000029	1710.691772
1103	-88.318993	0.000027	1408.805054
1104	-89.562660	0.000025	1710.691772
1105	-90.308998	0.000020	1257.861572
1106	-85.492783	0.000037	1660.377441
1107	-84.852837	0.000043	1610.062866
1108	-87.801750	0.000028	1811.320801
1109	-77.877068	0.000095	553.459106
1110	-57.631065	0.000953	251.572342
1111	-49.633595	0.002394	352.201263
1112	-47.177349	0.003741	150.943405
1113	-47.944889	0.002954	301.886810
1114	-46.956097	0.003751	201.257858
1115	-42.425533	0.005448	452.830200
1116	-37.523838	0.011120	654.088074
1117	-36.379227	0.011369	553.459106
1118	-35.821590	0.012838	553.459106
1119	-36.249760	0.011862	553.459106
1120	-37.566261	0.010558	704.402527
1121	-36.620529	0.011463	855.345886
1122	-36.694950	0.011690	654.088074
1123	-38.086205	0.009897	603.773621
1124	-38.047699	0.009784	603.773621
1125	-38.392246	0.009457	603.773621
1126	-38.352840	0.009557	654.088074
1127	-40.073860	0.007901	402.515717
1128	-41.900921	0.006448	603.773621
1129	-42.816540	0.005859	301.886810
1130	-42.350277	0.005768	402.515717
1131	-40.312836	0.007518	352.201263
1132	-36.933681	0.011105	301.886810
1133	-33.785805	0.015551	603.773621
1134	-32.994560	0.017254	603.773621
1135	-32.842068	0.016848	704.402527
1136	-31.271059	0.021141	603.773621
1137	-33.146496	0.017161	704.402527
1138	-34.574738	0.014443	704.402527
1139	-34.003010	0.015410	855.345886
1140	-36.567982	0.011234	654.088074
1141	-35.765488	0.012706	704.402527
1142	-39.540298	0.008281	754.716980
1143	-40.369301	0.007516	1207.547241
1144	-44.917049	0.004468	955.974792
1145	-44.642189	0.004584	805.031433
1146	-53.123924	0.001720	955.974792
1147	-53.895653	0.001644	503.144684
1148	-60.825878	0.000641	1006.289368
1149	-68.891563	0.000283	955.974792
1150	-75.634766	0.000135	603.773621
1151	-84.511162	0.000043	1811.320801
1152	-86.872452	0.000033	1006.289368
1153	-93.265350	0.000014	1459.119385
1154	-92.056358	0.000016	1257.861572
1155	-89.494629	0.000022	1207.547241
1156	-78.324142	0.000076	2163.521973
1157	-57.529083	0.001082	754.716980
1158	-45.597042	0.004105	754.716980
1159	-34.199982	0.011784	905.660400
1160	-37.152176	0.010501	1056.603760
1161	-37.136452	0.009842	805.031433
1162	-36.027863	0.010689	1056.603760
1163	-37.284290	0.009692	955.974792
1164	-35.366970	0.012350	805.031433
1165	-35.812164	0.011799	955.974792
1166	-41.538429	0.006607	855.345886
1167	-51.749355	0.002121	754.716980
1168	-52.726353	0.001895	402.515717
1169	-43.286160	0.004481	1559.748413
1170	-37.402802	0.009295	704.402527
1171	-35.195755	0.011794	855.345886
1172	-37.412907	0.009887	754.716980
1173	-39.423023	0.008250	704.402527
1174	-43.717861	0.004881	402.515717
1175	-46.663296	0.003739	402.515717
1176	-47.047546	0.003632	201.257858
1177	-47.283318	0.003611	100.628929
1178	-47.363155	0.003569	100.628929
1179	-47.764839	0.003431	100.628929
1180	-47.977596	0.003396	100.628929
1181	-48.265842	0.003311	100.628929
1182	-48.028969	0.003379	100.628929
1183	-44.994030	0.004495	301.886810
1184	-43.785660	0.005127	402.515717
1185	-43.564388	0.005170	352.201263
1186	-42.933811	0.005234	1006.289368
1187	-43.242794	0.005191	805.031433
1188	-43.960571	0.005114	402.515717
1189	-45.467033	0.004700	301.886810
1190	-46.209541	0.003932	2867.924561
1191	-43.771236	0.005049	4327.043945
1192	-41.986996	0.006538	4226.415039
1193	-37.735264	0.010397	4276.729492
1194	-38.329693	0.010153	4276.729492
1195	-38.969639	0.008858	3974.842773
1196	-48.704529	0.002807	2867.924561
1197	-56.961056	0.001089	3018.867920
1198	-64.063988	0.000512	4025.157471
1199	-67.748436	0.000324	4427.672852
1200	-73.744423	0.000166	4930.817383
1201	-76.857712	0.000119	5987.421387
1202	-83.825401	0.000050	4729.560059
1203	-83.076492	0.000055	2465.408691
1204	-72.758827	0.000176	1459.119385
1205	-60.722672	0.000692	603.773621
1206	-46.912067	0.002985	352.201263
1207	-37.437218	0.010146	503.144684
1208	-47.074989	0.003382	1056.603760
1209	-51.717834	0.002058	402.515717
1210	-52.578846	0.001884	251.572342
1211	-47.047947	0.002328	603.773621
1212	-41.312256	0.007000	503.144684
1213	-34.449253	0.016371	402.515717
1214	-36.175144	0.012360	352.201263
1215	-35.844517	0.012435	654.088074
1216	-36.022114	0.012222	855.345886
1217	-36.892387	0.011386	452.830200
1218	-37.306660	0.011174	352.201263
1219	-37.493931	0.010609	301.886810
1220	-37.627201	0.009728	553.459106
1221	-37.368053	0.010597	905.660400
1222	-36.513401	0.011077	1006.289368
1223	-38.006565	0.009647	704.402527
1224	-37.700470	0.009891	553.459106
1225	-37.180931	0.009914	905.660400
1226	-33.986481	0.014589	754.716980
1227	-34.808769	0.013026	1157.232788
1228	-35.307358	0.011075	855.345886
1229	-35.874031	0.010546	955.974792
1230	-34.613201	0.012896	1056.603760
1231	-37.665470	0.008857	1408.805054
1232	-40.572559	0.006694	955.974792
1233	-42.757206	0.005794	704.402527
1234	-47.539829	0.003300	2515.723145
1235	-40.911793	0.007086	4477.987305
1236	-41.601879	0.006393	4377.358398
1237	-40.135372	0.007783	4578.616211
1238	-38.655766	0.009270	4075.471924
1239	-40.560005	0.006731	3421.383545
1240	-59.832504	0.000763	3471.697998
1241	-62.164566	0.000628	3974.842773
1242	-66.059669	0.000402	3672.956055
1243	-68.650253	0.000294	3723.270508
1244	-49.587734	0.001915	2767.295654
1245	-52.447060	0.001784	1761.006226
1246	-56.909222	0.001052	1459.119385
1247	-44.205559	0.004343	251.572342
1248	-40.051159	0.007520	603.773621
1249	-39.146854	0.007908	1006.289368
1250	-41.257191	0.005984	905.660400
1251	-45.703125	0.003764	855.345886
1252	-46.085178	0.003522	704.402527
1253	-46.705975	0.003422	201.257858
1254	-46.977058	0.003358	201.257858
1255	-45.988945	0.003615	301.886810
1256	-42.752918	0.004820	855.345886
1257	-41.693218	0.006275	855.345886
1258	-41.491928	0.006289	1106.918213
1259	-42.507786	0.005797	955.974792
1260	-44.094303	0.004888	905.660400
1261	-45.753792	0.004214	603.773621
1262	-47.798820	0.003594	352.201263
1263	-49.159477	0.002811	1710.691772
1264	-43.733974	0.005078	4628.931152
1265	-40.786610	0.007316	5132.075195
1266	-43.697407	0.004956	5433.962402
1267	-50.686790	0.002240	4930.817383
1268	-57.553825	0.000924	4025.157471
1269	-66.789948	0.000360	4880.503418
1270	-73.689690	0.000167	5333.333496
1271	-74.799072	0.000144	5383.647949
1272	-77.700836	0.000103	4427.672852
1273	-65.015739	0.000416	5031.446289
1274	-48.754971	0.002381	4176.100586
1275	-48.109413	0.003102	4075.471924
1276	-53.009129	0.001582	3924.528320
1277	-56.417439	0.001219	2666.666748
1278	-54.198593	0.001547	2163.521973
1279	-40.836594	0.006724	1207.547241
1280	-38.635654	0.008372	1106.918213
1281	-35.659466	0.011547	855.345886
1282	-34.468140	0.012723	805.031433
1283	-35.595280	0.011407	1257.861572
1284	-36.935265	0.010123	654.088074
1285	-37.382084	0.009647	553.459106
1286	-36.837292	0.009725	1056.603760
1287	-37.146454	0.009568	855.345886
1288	-39.022324	0.007881	603.773621
1289	-41.184254	0.006743	704.402527
1290	-38.875839	0.008145	603.773621
1291	-40.375996	0.006959	503.144684
1292	-41.324829	0.006513	402.515717
1293	-43.038422	0.005414	503.144684
1294	-44.567711	0.004663	402.515717
1295	-44.424625	0.004699	452.830200
1296	-44.600044	0.004804	301.886810
1297	-44.914131	0.004355	452.830200
1298	-45.029613	0.004444	402.515717
1299	-42.968842	0.005599	402.515717
1300	-44.261181	0.004795	201.257858
1301	-46.713093	0.003779	201.257858
1302	-47.040642	0.003582	150.943405
1303	-46.678448	0.003527	301.886810
1304	-45.357666	0.004239	503.144684
1305	-43.972164	0.005067	754.716980
1306	-43.558983	0.005381	704.402527
1307	-43.545723	0.005425	452.830200
1308	-44.471138	0.005074	352.201263
1309	-45.756920	0.004350	352.201263
1310	-44.157963	0.005215	402.515717
1311	-43.795330	0.005354	402.515717
1312	-43.517963	0.005492	352.201263
1313	-45.320110	0.004439	301.886810
1314	-46.857101	0.003759	301.886810
1315	-48.855633	0.002769	402.515717
1316	-49.818130	0.002702	251.572342
1317	-51.513912	0.002268	251.572342
1318	-54.352089	0.001731	50.314465
1319	-57.991596	0.001020	201.257858
1320	-63.323536	0.000595	201.257858
1321	-76.511414	0.000127	553.459106
1322	-76.204391	0.000130	1358.490601
1323	-82.238724	0.000064	1509.433960
1324	-80.255051	0.000079	1459.119385
1325	-75.943398	0.000124	1710.691772
1326	-73.669044	0.000172	2515.723145
1327	-75.972298	0.000132	1509.433960
1328	-77.875519	0.000102	1761.006226
1329	-77.046921	0.000116	1207.547241
1330	-75.427902	0.000139	2364.780029
